2 0.3780821917808219 0.145933014354067 0.5027397260273972 0.33253588516746413
2 0.6150684931506849 0.11483253588516747 0.7232876712328767 0.3277511961722488
2 0.4849315068493151 0.2631578947368421 0.6041095890410959 0.38516746411483255
2 0.6287671232876713 0.2799043062200957 0.7753424657534247 0.48564593301435405
2 0.4671232876712329 0.29904306220095694 0.6013698630136987 0.5358851674641149
2 0.3589041095890411 0.31100478468899523 0.4931506849315068 0.5263157894736842
2 0.28356164383561644 0.21770334928229665 0.3904109589041096 0.43301435406698563
2 0.2136986301369863 0.3373205741626794 0.33972602739726027 0.5167464114832536
2 0.2328767123287671 0.5167464114832536 0.3561643835616438 0.7559808612440191
2 0.11232876712328767 0.49521531100478466 0.25205479452054796 0.6985645933014354
2 0.0547945205479452 0.4019138755980861 0.18082191780821918 0.6124401913875598
2 0.36164383561643837 0.5263157894736842 0.5260273972602739 0.7368421052631579
2 0.552054794520548 0.5502392344497608 0.6753424657534246 0.722488038277512
2 0.6301369863013698 0.48564593301435405 0.7410958904109589 0.6985645933014354
2 0.7301369863013699 0.44258373205741625 0.8780821917808219 0.6794258373205742
2 0.7657534246575343 0.6913875598086124 0.8931506849315068 0.8923444976076556
2 0.6273972602739726 0.6698564593301436 0.7589041095890411 0.8947368421052632
2 0.510958904109589 0.7033492822966507 0.6643835616438356 0.9090909090909091
2 0.4123287671232877 0.715311004784689 0.5465753424657535 0.937799043062201
2 0.2808219178082192 0.7129186602870813 0.4246575342465753 0.9234449760765551
2 0.1643835616438356 0.6746411483253588 0.2945205479452055 0.8995215311004785
2 0.049315068493150684 0.6435406698564593 0.19726027397260273 0.868421052631579
2 0.00684931506849315 0.5430622009569378 0.13561643835616438 0.7822966507177034
