3 0.014657980456026058 0.06578947368421052 0.2671009771986971 0.2741228070175439
3 0.02768729641693811 0.17105263157894737 0.28013029315960913 0.41228070175438597
3 0.3322475570032573 0.05043859649122807 0.6449511400651465 0.2719298245614035
3 0.501628664495114 0.0043859649122807015 0.7280130293159609 0.27631578947368424
3 0.7117263843648208 0.2675438596491228 0.9511400651465798 0.4780701754385965
3 0.744299674267101 0.3399122807017544 0.9723127035830619 0.5899122807017544
3 0.5732899022801303 0.2675438596491228 0.8664495114006515 0.5021929824561403
3 0.1758957654723127 0.3618421052631579 0.5162866449511401 0.6403508771929824
3 0.2736156351791531 0.41228070175438597 0.5700325732899023 0.743421052631579
3 0.013029315960912053 0.5307017543859649 0.19381107491856678 0.9342105263157895
3 0.09446254071661238 0.506578947368421 0.31596091205211724 0.9320175438596491
3 0.5618892508143323 0.5899122807017544 0.7280130293159609 0.8903508771929824
3 0.6433224755700325 0.6513157894736842 0.7752442996742671 0.9758771929824561
