3 0.6493506493506493 0.03431372549019608 0.8701298701298701 0.41421568627450983
3 0.5097402597402597 0.09068627450980392 0.7662337662337663 0.4215686274509804
3 0.36038961038961037 0.06372549019607843 0.6655844155844156 0.4485294117647059
3 0.17207792207792208 0.19607843137254902 0.6233766233766234 0.47549019607843135
3 0.05519480519480519 0.35049019607843135 0.5974025974025974 0.5269607843137255
3 0.02922077922077922 0.4877450980392157 0.577922077922078 0.6225490196078431
3 0.11363636363636363 0.5588235294117647 0.6363636363636364 0.7622549019607843
3 0.23376623376623376 0.5857843137254902 0.672077922077922 0.8848039215686274
3 0.5097402597402597 0.6151960784313726 0.7337662337662337 0.9754901960784313
3 0.6883116883116883 0.5661764705882353 0.8636363636363636 0.9656862745098039
