3 0.13636363636363635 0.014893617021276596 0.5777126099706745 0.23404255319148937
3 0.04252199413489736 0.09361702127659574 0.5469208211143695 0.3
3 0.002932551319648094 0.2531914893617021 0.5293255131964809 0.44893617021276594
3 0.02346041055718475 0.3446808510638298 0.5029325513196481 0.6510638297872341
3 0.07771260997067449 0.4127659574468085 0.4809384164222874 0.7723404255319148
3 0.18035190615835778 0.4319148936170213 0.530791788856305 0.774468085106383
3 0.2624633431085044 0.4553191489361702 0.5865102639296188 0.874468085106383
3 0.5483870967741935 0.42127659574468085 0.626099706744868 0.8765957446808511
3 0.4868035190615836 0.42127659574468085 0.626099706744868 0.8765957446808511
3 0.6026392961876833 0.3829787234042553 0.7917888563049853 0.8063829787234043
3 0.658357771260997 0.30851063829787234 0.8709677419354839 0.6085106382978723
