3 0.6296928327645052 0.6321243523316062 0.9897610921501706 0.9507772020725389
3 0.6160409556313993 0.3704663212435233 0.9675767918088737 0.8238341968911918
3 0.5784982935153583 0.20725388601036268 0.9078498293515358 0.7253886010362695
3 0.5392491467576792 0.10362694300518134 0.8430034129692833 0.6580310880829016
3 0.48464163822525597 0.02849740932642487 0.6911262798634812 0.6528497409326425
3 0.3993174061433447 0.0025906735751295338 0.5494880546075085 0.6709844559585493
3 0.2440273037542662 0.04922279792746114 0.44368600682593856 0.7046632124352331
3 0.09726962457337884 0.18911917098445596 0.3924914675767918 0.7098445595854922
3 0.04436860068259386 0.3160621761658031 0.37542662116040953 0.7772020725388601
3 0.0034129692832764505 0.5440414507772021 0.35665529010238906 0.9481865284974094
